95
94
95
95
50
50
94
94
95
95
50
55
95
94
95
95
50
55
94
94
95
94
52
55
93
92
94
93
65
65
90
85
93
90
76
83
75
78
85
84
82
93
85
87
87
88
81
89
88
88
89
88
79
87
85
87
80
64
78
84
94
94
91
94
60
50
94
94
95
95
50
50
87
76
90
81
66
55
88
82
76
64
52
65
87
88
66
60
94
93
93
92
60
50
94
94
92
92
60
60
95
94
92
93
60
60
94
93
93
92
65
63
93
94
92
93
66
66
93
93
86
86
74
83
89
88
85
85
80
88
88
89
84
84
80
90
87
86
80
77
78
86
62
80
75
71
78
88
64
91
55
60
73
85
95
95
73
89
65
81
90
72
50
83
73
60
79
66
90
50
72
71
93
87
68
50
94
93
92
93
64
55
90
78
91
57
60
50
79
91
90
84
80
59
93
92
79
86
50
69
92
91
71
81
72
85
86
85
84
82
83
92
85
83
81
81
83
94
82
82
80
82
84
96
82
75
82
76
83
94
84
77
83
81
83
93
64
50
74
73
79
94
68
60
75
77
76
93
95
98
86
99
62
67
99
94
99
98
57
55
90
98
59
50
89
90
89
89
72
69
90
79
89
88
62
65
83
80
78
71
80
65
60
75
79
76
79
93
80
80
84
79
83
93
83
83
82
81
84
94
81
83
82
81
83
96
82
82
73
82
83
95
82
80
79
82
83
94
79
84
84
80
83
93
85
75
83
66
82
93
80
76
82
69
78
92
85
98
50
75
76
66
96
97
85
90
75
66
97
85
50
54
89
89
89
87
73
71
88
83
79
62
71
50
52
82
90
93
68
65
66
81
50
52
80
92
82
82
79
80
83
93
79
78
79
82
84
95
78
79
78
62
82
95
76
75
77
66
82
95
78
80
80
80
83
94
80
81
80
81
84
96
81
59
80
69
83
95
75
83
57
89
75
90
62
74
79
50
81
74
78
80
50
80
81
75
83
85
71
68
92
86
93
90
60
50
80
71
76
71
83
62
80
72
58
80
79
50
84
50
84
79
77
85
68
84
80
82
83
94
83
82
84
81
84
93
83
81
83
80
84
94
81
81
76
76
83
96
80
80
80
79
84
96
80
82
80
85
84
94
81
65
83
69
81
94
85
91
90
50
74
75
50
61
79
67
80
72
65
74
65
50
82
74
58
76
83
76
87
86
84
84
71
66
84
83
83
83
69
66
88
88
85
91
71
60
83
83
88
68
79
88
82
83
81
79
84
94
86
83
81
77
83
93
79
82
84
88
82
92
86
81
89
88
81
90
79
80
86
88
82
93
85
88
89
90
79
88
85
79
85
82
76
85
80
91
86
91
74
60
92
50
92
50
77
68
64
71
72
67
83
76
78
81
79
74
84
84
83
83
71
63
83
83
83
82
71
65
78
81
90
99
62
50
85
89
95
87
72
70
83
76
87
93
76
86
76
77
68
79
82
93
85
89
83
89
80
89
89
89
90
90
78
85
90
90
91
91
76
83
91
91
91
91
74
82
83
87
91
93
71
72
91
92
94
93
68
58
93
73
94
81
74
65
72
75
84
80
80
74
86
93
73
70
83
83
83
82
70
57
83
67
82
66
66
50
98
98
98
98
57
50
97
90
96
99
68
54
98
99
99
99
54
50
98
79
99
99
68
72
83
88
94
75
76
83
90
90
85
90
75
81
91
91
90
89
74
77
89
84
90
88
74
65
94
94
93
93
62
54
94
94
93
94
59
54
94
92
94
94
62
57
89
87
92
91
71
66
95
94
50
50
83
82
70
50
82
57
62
50
98
95
65
50
95
99
58
60
99
99
54
50
99
98
57
50
99
99
54
50
78
89
72
58
90
89
74
50
72
89
75
50
91
92
67
50
92
92
62
61
92
91
67
65
89
89
74
70
94
54
54
